3198
3199
3200
3201
3202
3203
3204
3205
3206
3207
3208
3209
3210
3211
3212
3289
3366
3443
3520
3597
3674
3751
3828
3905
3982
4059
4136
4213
4290
4289
4288
4287
4286
4285
4284
4283
4282
4281
4280
4279
4278
4277
4276
4199
4122
4045
3968
3891
3814
3737
3660
3583
3506
3429
3352
3275
9205
9206
9207
9208
9209
9210
9211
9212
9213
9214
9215
9216
9217
9282
9283
9284
9285
9286
9287
9288
9289
9290
9291
9292
9293
9294
9359
9360
9361
9362
9363
9364
9365
9366
9367
9368
9369
9370
9371
9436
9437
9438
9439
9440
9441
9442
9443
9444
9445
9446
9447
9448
9513
9514
9515
9516
9517
9518
9519
9520
9521
9522
9523
9524
9525
9590
9591
9592
9593
9594
9595
9596
9597
9598
9599
9600
9601
9602
9667
9668
9669
9670
9671
9672
9673
9674
9675
9676
9677
9678
9679
9744
9745
9746
9747
9748
9749
9750
9751
9752
9753
9754
9755
9756
9821
9822
9823
9824
9825
9826
9827
9828
9829
9830
9831
9832
9833
9898
9899
9900
9901
9902
9903
9904
9905
9906
9907
9908
9909
9910
9975
9976
9977
9978
9979
9980
9981
9982
9983
9984
9985
9986
9987
10052
10053
10054
10055
10056
10057
10058
10059
10060
10061
10062
10063
10064
10129
10130
10131
10132
10133
10134
10135
10136
10137
10138
10139
10140
10141
17622
17626
17630
17634
17638
17642
17646
17650
17654
17658
17662
17666
17670
17674
17678
17682
17686
17690
17694
17698
17702
17706
17710
17714
17718
17722
17726
17730
17734
17738
17742
17746
17750
17754
17758
17762
17766
17770
17774
17778
17782
17786
17790
17794
17798
17802
17806
17810
17814
17818
17822
17826
17830
17834
17838
9127
9128
9129
9130
9131
9132
9133
9134
9135
9136
9137
9138
9139
9140
9141
9218
9295
9372
9449
9526
9603
9680
9757
9834
9911
9988
10065
10142
10219
10218
10217
10216
10215
10214
10213
10212
10211
10210
10209
10208
10207
10206
10205
10128
10051
9974
9897
9820
9743
9666
9589
9512
9435
9358
9281
9204
17843
17847
17851
17855
17859
17863
17867
17871
17875
17879
17883
17887
17891
17895
17899
17903
17907
17911
17915
17919
17923
17927
17931
17935
17939
17943
17947
17951
17955
17959
17963
17967
17971
17975
17979
17983
17987
17991
17995
17999
18003
18007
18011
18015
18019
18023
18027
18031
18035
18039
18043
18047
18051
18055
18059
18063
17844
17848
17852
17856
17860
17864
17868
17872
17876
17880
17884
17888
17892
17896
17900
17904
17908
17912
17916
17920
17924
17928
17932
17936
17940
17944
17948
17952
17956
17960
17964
17968
17972
17976
17980
17984
17988
17992
17996
18000
18004
18008
18012
18016
18020
18024
18028
18032
18036
18040
18044
18048
18052
18056
18060
18064
17845
17849
17853
17857
17861
17865
17869
17873
17877
17881
17885
17889
17893
17897
17901
17905
17909
17913
17917
17921
17925
17929
17933
17937
17941
17945
17949
17953
17957
17961
17965
17969
17973
17977
17981
17985
17989
17993
17997
18001
18005
18009
18013
18017
18021
18025
18029
18033
18037
18041
18045
18049
18053
18057
18061
18065
17842
17846
17850
17854
17858
17862
17866
17870
17874
17878
17882
17886
17890
17894
17898
17902
17906
17910
17914
17918
17922
17926
17930
17934
17938
17942
17946
17950
17954
17958
17962
17966
17970
17974
17978
17982
17986
17990
17994
17998
18002
18006
18010
18014
18018
18022
18026
18030
18034
18038
18042
18046
18050
18054
18058
18062
15056
15057
15058
15059
15060
15061
15062
15063
15064
15065
15066
15067
15068
15069
15070
15147
15224
15301
15378
15455
15532
15609
15686
15763
15840
15917
15994
16071
16148
16147
16146
16145
16144
16143
16142
16141
16140
16139
16138
16137
16136
16135
16134
16057
15980
15903
15826
15749
15672
15595
15518
15441
15364
15287
15210
15133
18067
18071
18075
18079
18083
18087
18091
18095
18099
18103
18107
18111
18115
18119
18123
18127
18131
18135
18139
18143
18147
18151
18155
18159
18163
18167
18171
18175
18179
18183
18187
18191
18195
18199
18203
18207
18211
18215
18219
18223
18227
18231
18235
18239
18243
18247
18251
18255
18259
18263
18267
18271
18275
18279
18283
18287
18068
18072
18076
18080
18084
18088
18092
18096
18100
18104
18108
18112
18116
18120
18124
18128
18132
18136
18140
18144
18148
18152
18156
18160
18164
18168
18172
18176
18180
18184
18188
18192
18196
18200
18204
18208
18212
18216
18220
18224
18228
18232
18236
18240
18244
18248
18252
18256
18260
18264
18268
18272
18276
18280
18284
18288
18069
18073
18077
18081
18085
18089
18093
18097
18101
18105
18109
18113
18117
18121
18125
18129
18133
18137
18141
18145
18149
18153
18157
18161
18165
18169
18173
18177
18181
18185
18189
18193
18197
18201
18205
18209
18213
18217
18221
18225
18229
18233
18237
18241
18245
18249
18253
18257
18261
18265
18269
18273
18277
18281
18285
18289
18066
18070
18074
18078
18082
18086
18090
18094
18098
18102
18106
18110
18114
18118
18122
18126
18130
18134
18138
18142
18146
18150
18154
18158
18162
18166
18170
18174
18178
18182
18186
18190
18194
18198
18202
18206
18210
18214
18218
18222
18226
18230
18234
18238
18242
18246
18250
18254
18258
18262
18266
18270
18274
18278
18282
18286
Max = 18289 Count = 18290
