7 7 2

-500 -500 0    -5 -500 0    -2    -500  0    0 -500 0    2     -500  0    5 -500 0    500 -500   0
-500 -5   0    -5 -5   0    -2    -5    0    0 -5   0    2     -5    0    5 -5   0    500 -5  0
-500 -2   0    -5 -2   0    -1.42 -1.42 0    0 -2   0    1.42  -1.42 0    5 -2   0    500 -2   0
-500 0    0    -5 0    0    -2    0     0    0 0    0    2     0     0    5 0    0    500 0   0
-500 2    0    -5 2    0    -1.42 1.42  0    0 2    0    1.42  1.42  0    5 2    0    500 2   0
-500 5    0    -5 5    0    -2    5     0    0 5    0    2     5     0    5 5    0    500 5  0
-500 500  0    -5 500  0    -2    500   0    0 500  0    2     500   0    5 500  0    500 500 0

-500 -500 1    -5 -500 1    -2    -500  1    0 -500 1    2     -500  1    5 -500 1    500 -500 1
-500 -5   1    -5 -5   1    -2    -5    1    0 -5   1    2     -5    1    5 -5  1    500 -5  1
-500 -2   1    -5 -2   1    -1.42 -1.42 1    0 -2   1    1.42  -1.42 1    5 -2  1    500 -2  1
-500 0    1    -5 0    1    -2    0     1    0 0    1    2     0     1    5 0   1    500 0   1
-500 2    1    -5 2    1    -1.42 1.42  1    0 2    1    1.42  1.42  1    5 2   1    500 2   1
-500 5    1    -5 5    1    -2    5     1    0 5    1    2     5     1    5 5   1    500 5  1
-500 500  1    -5 500  1    -2    500   1    0 500  1    2     500   1    5 500 1    500 500 1

1 1
1 1 0 6 0 6 0 1 1 1

1
0 0 0 2 4

1 1

5

2 2 2
0 0 0  1 0 0 
0 1 0  1 1 0

0 0 1  1 0 1
0 1 1  1 1 1

1 1
1 1 0 1 0 1 0 1 1 1




7 7 2

0 0  0    50 0  0    52    0     0    54 0    0    56    0     0    58 0   0    100 0   0
0 50 0    50 50 0    52    50    0    54 50   0    56    50    0    58 50  0    100 50  0
0 55 0    50 55 0    53.86 55.86 0    54 55.8 0    54.14 55.86 0    58 55  0    100 55  0
0 56 0    50 56 0    53.8  56    0    54 56   0    54.2  56    0    58 56  0    100 56  0
0 57 0    50 57 0    53.86 56.14 0    54 56.2 0    54.14 56.14 0    58 57  0    100 57  0
0 61 0    50 61 0    52    61    0    54 61   0    56    61    0    58 61  0    100 61  0
0 99 0    50 99 0    52    99    0    54 99   0    56    99    0    58 99  0    100 99  0

0 0  1    50 0  1    52    0     1    54 0    1    56    0     1    58 0   1    100 0   1
0 50 1    50 50 1    52    50    1    54 50   1    56    50    1    58 50  1    100 50  1
0 55 1    50 55 1    53.86 55.86 1    54 55.8 1    54.14 55.86 1    58 55  1    100 55  1
0 56 1    50 56 1    53.8  56    1    54 56   1    54.2  56    1    58 56  1    100 56  1
0 57 1    50 57 1    53.86 56.14 1    54 56.2 1    54.14 56.14 1    58 57  1    100 57  1
0 61 1    50 61 1    52    61    1    54 61   1    56    61    1    58 61  1    100 61  1
0 99 1    50 99 1    52    99    1    54 99   1    56    99    1    58 99  1    100 99  1


1
1 0 0 6 0 6 0 1

6
1 0 0 -1 0 6 0 1
1 0 0 -2 0 6 0 1
1 0 0 6 0 -1 0 1
1 0 0 6 0 -2 0 1
1 0 0 6 0 6 0 -1
1 0 0 6 0 6 0 -2